$ 1 0.000005 0.1086904049521229 79 5 50 5e-11
r 320 176 320 240 0 4700
r 192 272 192 336 0 3300
r 256 272 256 336 0 3300
r 320 272 320 336 0 10000
c 144 256 176 256 0 1.0000000000000001e-7 4.177517033547681 0.001
c 208 256 240 256 0 1.0000000000000001e-7 0.2751003768815959 0.001
c 272 256 304 256 0 1.0000000000000001e-7 -3.254397833444884 0.001
r 368 304 368 368 0 300
t 336 256 368 256 0 1 -1.1982195769843926 0.6274455418294353 1000 default
c 416 304 416 368 0 0.000009999999999999999 2.6504466797909343 0.001
g 368 384 368 400 0 0
R 368 160 368 128 0 0 40 5 0 0 0.5
w 368 160 368 176 0
w 368 176 320 176 0
w 320 240 320 256 0
w 304 256 320 256 0
w 320 256 320 272 0
w 320 256 336 256 0
w 368 272 368 304 0
w 416 304 368 304 0
w 368 368 368 384 0
w 368 368 416 368 0
w 272 256 256 256 0
w 240 256 256 256 0
w 256 256 256 272 0
w 192 272 192 256 0
w 176 256 192 256 0
w 208 256 192 256 0
w 144 256 128 256 0
w 128 256 128 112 0
w 128 112 432 112 0
w 432 112 432 240 0
368 448 240 480 240 0 0
g 320 336 320 352 0 0
g 256 336 256 352 0 0
g 192 336 192 352 0 0
r 368 176 368 240 0 150
w 432 240 368 240 0
w 448 240 432 240 0
o 32 64 0 4099 5 6.4 0 2 32 3
